1   1  -1   1
2  1  1   1
20   1  -1   1
1  2  1   1
2  2  1   1
3   2  -1   1
4  2  1   1
20  2  1   1
2   3  -1   1
3  3  1   1
4  3  1   1
2  4  1   1
3  4  1   1
4  4  1   1
5  4  1   1
4  5  1   1
5  5  1   1
6  5  1   1
7  5  1   1
8   5  -1   1
16   5  -1   1
5  6  1   1
6   6  -1   1
8  6  1   1
5  7  1   1
7   7  -1   1
16  7  1   1
5   8  -1   1
6  8  1   1
8  8  1   1
12  8  1   1
6  9  1   1
8  9  1   1
9  9  1   1
10  9  1   1
11  9  1   1
17   9  -1   1
9  10  1   1
10  10  1   1
17  10  1   1
9  11  1   1
11  11  1   1
13  11  1   1
18   11  -1   1
8  12  1   1
11  12  1   1
12  12  1   1
11  13  1   1
13  13  1   1
18  13  1   1
11  14  1   1
14  14  1   1
14  15  1   1
15  15  1   1
5   16  -1   1
7  16  1   1
16  16  1   1
17   16  -1   1
9   17  -1   1
10  17  1   1
17  17  1   1
11   18  -1   1
13  18  1   1
18   18  -1   1
7  19  1   1
19  19  1   1
1   20  -1   1
2  20  1   1
20  20  1   1
